,A1,A2,A3,A4,A5,A6,A7,A8,A9,A10,B1
1,24.0,24.0,24.0,24.0,24.0,24.0,24.0,24.0,24.0,24.0,24.0
2,16.0,16.0,20.0,12.0,16.0,16.0,8.0,16.0,12.0,12.0,16.0
3,12.0,20.0,12.0,20.0,16.0,8.0,20.0,16.0,12.0,20.0,12.0
4,20.0,12.0,8.0,8.0,8.0,16.0,12.0,8.0,8.0,8.0,12.0
5,16.0,8.0,16.0,12.0,16.0,12.0,12.0,8.0,16.0,12.0,16.0
6,16.0,8.0,12.0,8.0,8.0,4.0,20.0,8.0,12.0,16.0,16.0
7,12.0,12.0,12.0,16.0,16.0,4.0,16.0,8.0,12.0,8.0,4.0
8,28.0,12.0,8.0,12.0,8.0,12.0,32.0,8.0,16.0,12.0,12.0
9,8.0,16.0,8.0,12.0,16.0,4.0,16.0,20.0,16.0,12.0,20.0
10,8.0,16.0,12.0,8.0,8.0,4.0,0.0,12.0,12.0,8.0,12.0
11,4.0,12.0,4.0,8.0,8.0,12.0,12.0,12.0,12.0,16.0,8.0
12,20.0,12.0,8.0,4.0,0.0,28.0,4.0,4.0,16.0,12.0,8.0
13,8.0,8.0,8.0,8.0,16.0,16.0,4.0,12.0,8.0,0.0,20.0
14,16.0,16.0,12.0,12.0,8.0,16.0,12.0,12.0,12.0,12.0,20.0
15,12.0,12.0,12.0,12.0,16.0,32.0,8.0,12.0,12.0,4.0,8.0
16,36.0,20.0,16.0,16.0,8.0,48.0,24.0,12.0,24.0,16.0,16.0
17,16.0,20.0,16.0,12.0,8.0,16.0,12.0,12.0,20.0,16.0,8.0
18,8.0,12.0,20.0,8.0,8.0,16.0,12.0,12.0,8.0,12.0,8.0
19,12.0,16.0,4.0,16.0,16.0,8.0,8.0,12.0,8.0,20.0,20.0
20,20.0,8.0,8.0,12.0,16.0,24.0,16.0,12.0,4.0,16.0,28.0
21,8.0,4.0,16.0,8.0,16.0,12.0,8.0,4.0,12.0,12.0,0.0
22,8.0,4.0,20.0,12.0,16.0,12.0,32.0,12.0,8.0,24.0,8.0
23,12.0,8.0,12.0,20.0,32.0,12.0,12.0,12.0,8.0,16.0,12.0
24,28.0,8.0,16.0,24.0,32.0,28.0,44.0,20.0,12.0,28.0,28.0
25,8.0,12.0,16.0,8.0,8.0,4.0,12.0,8.0,12.0,12.0,4.0
26,8.0,12.0,28.0,12.0,8.0,12.0,12.0,8.0,8.0,16.0,4.0
27,12.0,8.0,12.0,12.0,16.0,20.0,8.0,8.0,8.0,24.0,16.0
28,28.0,8.0,24.0,16.0,16.0,44.0,16.0,8.0,12.0,28.0,24.0
29,8.0,4.0,24.0,12.0,24.0,24.0,8.0,8.0,4.0,8.0,4.0
30,16.0,12.0,36.0,24.0,24.0,32.0,32.0,16.0,8.0,28.0,12.0
31,20.0,8.0,28.0,24.0,40.0,48.0,12.0,16.0,8.0,20.0,16.0
32,44.0,16.0,40.0,36.0,40.0,72.0,44.0,24.0,20.0,40.0,32.0
33,12.0,12.0,12.0,8.0,12.0,20.0,16.0,20.0,8.0,12.0,8.0
34,4.0,4.0,8.0,20.0,20.0,12.0,8.0,20.0,4.0,8.0,8.0
35,0.0,16.0,16.0,4.0,4.0,12.0,12.0,12.0,20.0,8.0,4.0
36,8.0,8.0,12.0,16.0,12.0,20.0,12.0,12.0,24.0,4.0,12.0
37,12.0,12.0,12.0,4.0,4.0,8.0,4.0,12.0,8.0,16.0,16.0
38,12.0,12.0,8.0,24.0,12.0,0.0,20.0,20.0,12.0,28.0,24.0
39,8.0,24.0,24.0,8.0,4.0,8.0,8.0,12.0,28.0,12.0,12.0
40,24.0,24.0,20.0,28.0,12.0,16.0,32.0,20.0,40.0,24.0,28.0
41,20.0,4.0,4.0,12.0,12.0,8.0,16.0,16.0,8.0,8.0,12.0
42,20.0,4.0,8.0,32.0,20.0,8.0,8.0,16.0,12.0,12.0,12.0
43,16.0,8.0,16.0,8.0,4.0,24.0,12.0,8.0,28.0,12.0,8.0
44,32.0,8.0,20.0,28.0,12.0,40.0,12.0,8.0,40.0,16.0,16.0
45,28.0,12.0,12.0,16.0,12.0,20.0,4.0,16.0,8.0,12.0,28.0
46,36.0,20.0,16.0,44.0,20.0,20.0,20.0,24.0,20.0,32.0,36.0
47,32.0,24.0,32.0,20.0,12.0,44.0,8.0,16.0,36.0,16.0,24.0
48,56.0,32.0,36.0,48.0,20.0,60.0,32.0,24.0,56.0,36.0,40.0
49,12.0,16.0,4.0,12.0,4.0,12.0,12.0,8.0,12.0,4.0,8.0
50,4.0,8.0,8.0,32.0,20.0,12.0,20.0,16.0,8.0,8.0,16.0
51,8.0,20.0,8.0,16.0,12.0,12.0,8.0,8.0,24.0,8.0,28.0
52,16.0,12.0,12.0,36.0,28.0,28.0,24.0,16.0,28.0,12.0,44.0
53,12.0,16.0,12.0,16.0,12.0,8.0,8.0,8.0,12.0,16.0,16.0
54,12.0,16.0,16.0,44.0,28.0,8.0,40.0,24.0,16.0,36.0,32.0
55,16.0,28.0,24.0,28.0,28.0,16.0,12.0,16.0,32.0,20.0,36.0
56,32.0,28.0,28.0,56.0,44.0,32.0,52.0,32.0,44.0,40.0,60.0
57,28.0,8.0,12.0,24.0,12.0,8.0,20.0,4.0,12.0,8.0,12.0
58,28.0,8.0,24.0,52.0,28.0,16.0,28.0,12.0,16.0,20.0,20.0
59,32.0,12.0,24.0,28.0,20.0,32.0,16.0,4.0,32.0,20.0,32.0
60,48.0,12.0,36.0,56.0,36.0,56.0,32.0,12.0,44.0,32.0,48.0
61,36.0,16.0,28.0,36.0,28.0,28.0,16.0,12.0,12.0,20.0,28.0
62,44.0,24.0,40.0,72.0,44.0,36.0,48.0,28.0,24.0,48.0,44.0
63,48.0,28.0,48.0,48.0,44.0,60.0,20.0,20.0,40.0,32.0,48.0
64,72.0,36.0,60.0,84.0,60.0,84.0,60.0,36.0,60.0,60.0,72.0
65,16.0,4.0,12.0,20.0,12.0,20.0,12.0,4.0,12.0,12.0,16.0
66,8.0,12.0,8.0,8.0,12.0,12.0,4.0,4.0,16.0,8.0,8.0
67,12.0,0.0,16.0,16.0,12.0,4.0,8.0,12.0,0.0,8.0,12.0
68,20.0,8.0,12.0,4.0,12.0,12.0,8.0,12.0,12.0,4.0,12.0
69,8.0,12.0,4.0,16.0,4.0,16.0,8.0,12.0,12.0,8.0,8.0
70,8.0,28.0,0.0,12.0,4.0,8.0,24.0,20.0,24.0,20.0,8.0
71,12.0,16.0,16.0,20.0,12.0,8.0,12.0,28.0,8.0,4.0,4.0
72,28.0,32.0,12.0,16.0,12.0,16.0,36.0,36.0,28.0,16.0,12.0
73,8.0,12.0,12.0,16.0,12.0,8.0,20.0,8.0,12.0,16.0,12.0
74,8.0,28.0,16.0,12.0,12.0,8.0,12.0,8.0,24.0,20.0,4.0
75,12.0,8.0,24.0,12.0,12.0,16.0,16.0,16.0,8.0,20.0,8.0
76,28.0,24.0,28.0,8.0,12.0,32.0,16.0,16.0,28.0,24.0,8.0
77,8.0,28.0,12.0,20.0,12.0,28.0,16.0,24.0,12.0,12.0,12.0
78,16.0,52.0,16.0,24.0,12.0,28.0,32.0,32.0,32.0,32.0,12.0
79,20.0,32.0,32.0,24.0,20.0,44.0,20.0,40.0,16.0,16.0,8.0
80,44.0,56.0,36.0,28.0,20.0,60.0,44.0,48.0,44.0,36.0,16.0
81,16.0,8.0,4.0,8.0,4.0,12.0,8.0,16.0,16.0,4.0,16.0
82,8.0,16.0,8.0,4.0,12.0,12.0,16.0,24.0,20.0,8.0,16.0
83,20.0,4.0,8.0,12.0,20.0,4.0,4.0,32.0,4.0,8.0,36.0
84,28.0,12.0,12.0,8.0,28.0,20.0,20.0,40.0,16.0,12.0,44.0
85,8.0,16.0,4.0,12.0,12.0,16.0,12.0,32.0,16.0,8.0,8.0
86,8.0,32.0,8.0,16.0,20.0,16.0,44.0,48.0,28.0,28.0,16.0
87,20.0,20.0,16.0,24.0,36.0,16.0,16.0,56.0,12.0,12.0,28.0
88,36.0,36.0,20.0,28.0,44.0,32.0,56.0,72.0,32.0,32.0,44.0
89,16.0,16.0,20.0,12.0,12.0,8.0,24.0,20.0,16.0,16.0,12.0
90,16.0,32.0,32.0,16.0,20.0,16.0,32.0,28.0,28.0,28.0,12.0
91,28.0,12.0,32.0,16.0,28.0,24.0,20.0,36.0,12.0,28.0,32.0
92,44.0,28.0,44.0,20.0,36.0,48.0,36.0,44.0,32.0,40.0,40.0
93,16.0,32.0,28.0,24.0,28.0,36.0,28.0,44.0,16.0,20.0,12.0
94,24.0,56.0,40.0,36.0,36.0,44.0,60.0,60.0,36.0,48.0,20.0
95,36.0,36.0,48.0,36.0,52.0,60.0,32.0,68.0,20.0,32.0,32.0
96,60.0,60.0,60.0,48.0,60.0,84.0,72.0,84.0,48.0,60.0,48.0
97,12.0,8.0,16.0,4.0,16.0,16.0,12.0,0.0,4.0,16.0,8.0
98,4.0,16.0,12.0,16.0,32.0,8.0,12.0,8.0,16.0,20.0,8.0
99,8.0,12.0,36.0,0.0,16.0,8.0,8.0,8.0,16.0,12.0,12.0
100,16.0,20.0,32.0,12.0,32.0,16.0,16.0,16.0,36.0,16.0,20.0
101,12.0,32.0,16.0,8.0,8.0,12.0,8.0,16.0,12.0,28.0,16.0
102,12.0,48.0,12.0,28.0,24.0,4.0,32.0,32.0,32.0,48.0,24.0
103,16.0,44.0,44.0,12.0,16.0,12.0,12.0,32.0,32.0,24.0,20.0
104,32.0,60.0,40.0,32.0,32.0,20.0,44.0,48.0,60.0,44.0,36.0
105,28.0,16.0,24.0,16.0,24.0,12.0,28.0,4.0,12.0,28.0,12.0
106,28.0,32.0,28.0,36.0,40.0,12.0,28.0,12.0,32.0,40.0,12.0
107,32.0,20.0,52.0,12.0,24.0,28.0,24.0,12.0,32.0,32.0,16.0
108,48.0,36.0,56.0,32.0,40.0,44.0,32.0,20.0,60.0,44.0,24.0
109,36.0,48.0,32.0,28.0,24.0,32.0,24.0,28.0,20.0,40.0,28.0
110,44.0,72.0,36.0,56.0,40.0,32.0,48.0,44.0,48.0,68.0,36.0
111,48.0,60.0,68.0,32.0,32.0,56.0,28.0,44.0,48.0,44.0,32.0
112,72.0,84.0,72.0,60.0,48.0,72.0,60.0,60.0,84.0,72.0,48.0
113,20.0,20.0,8.0,8.0,16.0,8.0,16.0,12.0,16.0,8.0,24.0
114,12.0,28.0,12.0,28.0,40.0,8.0,32.0,28.0,28.0,20.0,32.0
115,24.0,24.0,28.0,12.0,32.0,8.0,12.0,28.0,28.0,12.0,52.0
116,32.0,32.0,32.0,32.0,56.0,24.0,36.0,44.0,48.0,24.0,68.0
117,20.0,44.0,16.0,20.0,24.0,12.0,20.0,36.0,24.0,28.0,32.0
118,20.0,60.0,20.0,48.0,48.0,12.0,60.0,60.0,44.0,56.0,48.0
119,32.0,56.0,44.0,32.0,48.0,20.0,24.0,60.0,44.0,32.0,60.0
120,48.0,72.0,48.0,60.0,72.0,36.0,72.0,84.0,72.0,60.0,84.0
121,44.0,28.0,32.0,28.0,32.0,12.0,40.0,16.0,24.0,28.0,28.0
122,44.0,44.0,44.0,56.0,56.0,20.0,56.0,32.0,44.0,48.0,36.0
123,56.0,32.0,60.0,32.0,48.0,36.0,36.0,32.0,44.0,40.0,56.0
124,72.0,48.0,72.0,60.0,72.0,60.0,60.0,48.0,72.0,60.0,72.0
125,52.0,60.0,48.0,48.0,48.0,40.0,44.0,48.0,32.0,48.0,44.0
126,60.0,84.0,60.0,84.0,72.0,48.0,84.0,72.0,60.0,84.0,60.0
127,72.0,72.0,84.0,60.0,72.0,72.0,48.0,72.0,60.0,60.0,72.0
128,96.0,96.0,96.0,96.0,96.0,96.0,96.0,96.0,96.0,96.0,96.0
